108.9
107.8
106.7
105.6
104.5
103.4
102.3
101.2
100.1
99.0
99.0
99.0
99.0
99.0
99.0
99.0
99.0
99.0
100.45
102.0
103.97
105.95
107.91
109.8
110.9
111.72
112.65
113.92
114.13
114.04
113.57
113.01
111.81
109.97
108.9
108.11
107.18
105.91
104.25
102.79
101.29
99.87
99.11
99.06
99.03
99.0
99.0
99.0
99.0
99.0
99.0
99.0
99.0
99.0
99.0
99.16
99.16
99.16
99.16
99.16
99.16
99.16
99.16
99.16
99.16
99.0
99.0
99.0
99.0
99.0
99.0
99.0
99.0
99.0
99.0
99.0
99.0
99.0
99.0
99.0
99.0
99.0
100.87
102.87
104.87
106.87
108.87
110.87
112.87
114.87
116.87
118.87
119.0
119.0
119.0
119.0
119.0
119.0
119.0
119.0
119.0
119.0
119.0
119.0
119.0
119.0
119.0
117.28
115.84
114.56
112.56
110.56
108.56
106.56
104.56
102.56
100.56
100.28
99.72
99.0
99.0
99.0
99.0
99.0
99.0
99.0
99.18
100.89
102.84
104.83
106.83
108.83
110.83
112.83
114.83
116.83
118.65
118.94
118.99
119.0
119.0
119.0
119.0
118.3
116.3
114.3
112.3
110.3
108.3
106.3
104.3
102.3
100.3
99.0
99.0
99.0
99.0
99.21
99.21
99.21
99.21
99.21
99.21
99.21
99.8
100.2
100.6
100.4
101.79
103.68
105.68
107.21
108.34
109.98
111.35
112.95
114.55
116.54
117.15
117.26
117.26
117.73
118.6
118.57
118.33
118.07
117.59
117.11
115.82
114.73
113.26
111.38
110.07
108.51
107.18
105.85
104.42
103.07
102.62
101.72
102.14
102.67
101.98
102.18
101.91
102.12
102.99
103.53
103.76
105.06
105.07
104.84
105.09
105.4
105.76
105.75
105.62
105.76
105.94
105.06
104.95
105.46
105.95
106.09
106.28
106.53
106.5
106.48
106.6
107.31
107.94
108.16
108.37
108.56
108.95
108.68
108.5
108.04
107.72
108.39
108.56
108.96
109.57
110.19
110.46
110.9
111.57
112.3
112.6
111.45
109.8
108.25
106.69
105.18
103.85
102.82
101.53
100.43
99.66
99.02
99.25
99.61
100.37
100.88
101.39
102.34
102.64
103.35
104.2
105.32
105.54
105.91
105.96
106.31
106.66
106.47
106.87
106.89
106.88
106.63
107.32
107.73
108.35
108.53
108.15
108.04
108.61
108.87
108.95
108.6
108.14
107.69
106.92
106.68
107.0
107.16
106.81
106.67
106.55
107.04
107.31
107.13
107.45
107.58
107.46
106.95
106.42
105.92
105.42
104.79
104.3
104.32
103.4
102.7
102.69
102.84
102.79
102.77
102.83
102.59
102.25
101.75
101.78
101.76
101.18
100.78
100.45
100.14
99.83
99.89
100.21
100.91
101.3
101.44
101.74
101.91
102.39
103.2
103.93
104.48
104.39
104.0
103.78
103.59
103.32
103.18
102.77
102.03
101.38
100.74
100.51
100.39
100.33
100.59
101.0
101.28
101.6
102.66
103.07
103.89
104.16
104.31
105.28
105.9
106.35
107.23
108.01
107.97
108.21
107.77
108.19
108.67
108.73
108.86
109.09
108.81
108.39
107.44
106.75
106.24
105.59
104.86
103.8
102.83
101.77
100.93
100.3
100.26
100.28
100.38
100.32
100.37
100.28
100.18
100.09
100.07
100.06
100.06
100.07
100.08
100.06
100.01
99.94
99.84
99.78
99.68
99.56
99.44
99.4
99.39
99.38
99.3
99.4
99.47
99.63
99.86
100.1
100.28
100.24
100.15
100.09
100.06
99.96
99.89
99.73
99.51
99.45
99.39
99.5
99.59
99.82
100.35
100.85
101.3
101.68
102.0
102.16
102.38
102.56
102.77
102.84
102.62
102.41
102.27
102.22
102.23
102.24
102.27
102.29
102.33
102.33
102.01
101.72
101.46
101.13
100.79
100.44
100.07
99.72
99.48
99.23
99.24
99.24
99.23
99.23
99.41
99.59
99.7
99.88
99.86
99.96
100.21
100.47
100.92
101.37
101.58
101.76
102.03
102.22
102.46
102.62
102.51
102.35
102.04
101.89
101.9
101.93
101.94
101.96
102.05
102.39
102.85
103.4
103.73
103.82
103.84
103.81
103.9
104.01
104.04
103.74
103.45
103.19
103.18
103.3
103.39
103.58
103.6
103.61
103.75
103.95
104.18
104.32
104.44
104.53
104.55
104.48
104.41
104.27
104.1
103.9
103.62
103.25
103.09
102.95
102.86
102.79
102.81
102.87
102.71
102.61
102.62
102.73
102.48
102.23
102.01
101.79
101.62
101.34
101.31
101.22
101.08
101.07
100.95
100.79
100.57
100.43
100.42
100.55
100.51
100.56
100.6
100.47
100.53
100.67
100.8
101.03
101.04
101.06
101.2
101.37
101.6
101.79
101.91
101.91
101.9
101.78
101.75
101.73
101.62
101.55
101.48
101.43
101.44
101.62
101.85
102.05
102.17
102.17
102.3
102.38
102.44
102.61
102.77
102.83
102.9
102.94
103.08
103.35
103.57
103.72
103.7
103.47
103.3
103.15
103.0
102.87
102.64
102.36
102.07
101.84
101.78
101.88
101.93
101.99
102.08
102.16
102.21
102.18
102.03
101.8
101.64
101.68
101.77
101.61
101.37
101.32
101.35
101.49
101.75
102.16
102.53
102.78
103.12
103.69
104.38
104.92
105.36
105.88
106.33
106.76
107.07
107.38
107.39
107.09
106.85
106.55
106.31
106.08
105.4
104.75
104.36
104.06
103.92
103.96
103.8
103.7
103.65
103.54
103.84
103.97
103.88
103.52
103.29
103.2
103.16
102.94
102.7
102.44
102.32
102.18
102.12
102.16
102.04
101.92
101.82
101.84
101.85
101.77
101.54
101.27
100.97
100.75
100.6
100.44
100.2
100.17
100.42
100.8
101.22
101.78
102.08
102.23
102.29
102.43
102.73
102.94
102.84
102.67
102.55
102.43
102.61
102.81
103.08
103.27
103.44
103.58
103.74
104.05
104.42
104.68
104.87
105.01
105.38
105.26
105.04
104.61
104.13
103.88
103.42
103.05
102.59
102.67
102.69
103.36
104.2
104.91
105.79
106.5
107.59
108.66
109.93
110.87
111.57
112.17
112.6
113.24
113.39
113.17
112.95
112.58
112.1
111.45
110.81
110.2
109.44
108.78
108.31
107.88
107.21
106.52
105.93
105.26
104.51
103.7
103.04
102.36
101.79
101.32
100.89
100.64
100.38
100.23
100.22
100.17
100.09
100.03
100.11
100.15
100.2
100.28
100.23
100.33
100.44
100.59
100.81
101.0
101.05
101.19
101.21
101.2
101.33
101.35
101.38
101.4
101.4
101.41
101.49
101.61
101.77
101.94
101.93
101.88
101.85
101.77
101.71
101.7
101.6
101.48
101.36
101.21
101.2
101.2
101.18
101.1
101.17
101.31
101.42
101.42
101.47
101.55
101.54
101.62
101.59
101.6
101.57
101.35
101.31
101.2
101.11
100.94
100.86
100.78
100.69
100.62
100.41
100.25
100.09
100.14
99.98
100.96
101.46
101.59
101.89
101.81
101.93
102.16
102.39
102.65
103.05
102.48
102.33
102.48
102.48
102.76
102.8
102.57
102.22
101.77
101.37
100.87
100.4
99.93
99.52
99.24
99.04
99.01
99.01
99.0
99.0
99.0
99.0
99.0
99.0
99.0
99.0
99.0
99.0
99.0
99.03
99.07
99.21
99.78
99.9
100.29
100.94
102.02
102.94
103.94
104.95
105.66
106.44
106.36
107.15
107.68
108.57
108.84
108.7
108.71
108.61
108.94
109.07
109.91
109.94
110.45
110.5
110.67
111.28
111.99
112.8
113.33
113.94
114.33
115.12
115.34
115.42
115.61
115.88
115.6
115.08
114.69
114.54
114.42
114.37
114.32
114.14
113.91
113.78
114.05
114.47
115.03
115.35
115.52
115.78
116.18
116.62
117.11
117.58
117.87
118.22
118.44
118.61
118.84
118.9
118.9
118.97
119.0
119.0
118.99
118.92
118.91
118.84
118.77
118.71
118.68
117.76
116.93
116.19
115.34
114.5
113.47
112.67
111.99
111.36
110.78
111.08
111.23
111.37
111.72
112.27
112.97
113.57
113.99
114.39
114.93
115.37
115.82
116.42
116.93
117.29
117.11
116.9
116.75
116.92
116.76
116.34
115.68
114.9
113.98
112.9
112.35
111.62
110.86
109.68
107.91
106.51
105.4
104.18
103.1
102.18
101.25
100.46
99.7
99.02
99.02
99.02
99.58
100.47
101.2
101.9
102.4
103.36
104.46
105.96
107.73
109.44
110.03
110.17
110.5
110.9
111.79
112.18
112.64
112.49
112.21
111.7
111.68
111.77
112.28
112.86
112.97
113.3
113.12
113.1
112.84
112.91
112.97
112.98
112.53
112.13
111.99
111.59
111.48
111.49
111.61
111.93
112.32
112.75
113.21
113.54
113.6
113.83
113.93
114.21
114.33
114.04
113.83
113.82
113.81
113.59
112.17
111.96
111.64
111.25
110.93
110.9
110.93
110.71
110.42
110.32
111.32
110.02
109.09
108.68
108.51
107.95
108.04
108.36
108.35
108.27
108.51
109.78
110.39
110.69
111.04
111.62
111.54
111.39
111.57
111.75
111.63
111.72
111.85
111.82
111.8
112.05
112.13
111.89
111.74
111.93
112.43
112.59
113.43
114.01
114.54
114.86
115.17
115.91
116.56
116.96
117.34
117.82
118.12
118.43
118.59
118.73
118.93
118.93
118.93
118.92
118.88
117.74
116.83
115.74
115.48
115.32
115.29
115.25
115.29
115.31
115.35
116.49
117.4
118.49
118.75
118.9
118.92
118.96
118.97
118.98
118.95
118.92
118.87
118.75
118.47
118.38
118.29
118.18
118.03
117.43
117.14
116.85
116.03
115.51
115.32
115.11
114.66
114.36
114.18
114.36
114.26
114.02
114.25
114.3
114.1
113.71
113.9
113.94
113.65
113.74
113.85
114.24
114.81
115.33
116.0
116.7
117.01
116.99
117.23
117.14
117.35
117.52
117.59
117.32
116.44
114.44
112.86
112.03
111.66
111.57
110.69
109.95
109.21
109.55
110.1
112.1
113.73
114.48
113.23
111.74
110.72
109.58
109.63
109.59
109.76
109.68
109.64
110.09
112.01
113.98
115.98
117.86
118.55
118.59
118.75
118.83
118.87
118.89
118.97
119.0
119.0
119.0
119.0
119.0
119.0
119.0
119.0
119.0
119.0
119.0
119.0
119.0
119.0
119.0
119.0
119.0
119.0
119.0
118.9
118.84
118.84
118.84
118.84
118.84
118.84
117.99
117.99
117.99
118.09
118.15
118.09
118.09
118.09
118.09
118.09
118.94
117.94
116.96
116.08
114.95
113.89
113.82
113.82
113.82
113.82
113.82
114.82
115.8
116.68
117.81
118.93
119.0
119.0
119.0
119.0
119.0
119.0
119.0
119.0
119.0
119.0
119.0
119.0
119.0
119.0
119.0
118.94
118.4
118.4
118.4
117.79
116.7
115.1
113.1
111.1
111.1
111.16
111.7
111.7
111.7
112.31
113.4
115.0
117.0
119.0
119.0
119.0
119.0
119.0
119.0
119.0
119.0
119.0
119.0
119.0
119.0
119.0
119.0
119.0
119.0
118.99
118.99
118.96
117.59
116.51
114.99
113.32
111.32
109.32
107.32
105.33
103.33
101.36
100.73
99.81
99.33
99.0
99.0
99.0
99.0
99.0
99.0
99.01
99.1
99.21
99.45
99.55
99.71
99.98
100.32
100.56
100.56
100.63
100.66
100.66
100.69
100.69
100.66
100.39
100.21
100.13
100.13
100.14
100.02
101.91
103.64
105.54
107.41
107.41
107.25
107.09
107.09
107.0
107.0
105.0
103.0
101.0
99.0
99.21
99.23
99.26
99.41
99.47
99.54
99.56
99.58
99.58
99.58
99.39
99.38
99.37
99.32
100.75
102.27
103.56
104.25
104.57
104.65
104.63
104.63
104.73
105.0
103.95
103.04
103.42
104.49
106.04
107.88
109.74
111.65
113.38
113.92
113.74
113.06
111.37
109.59
107.72
105.8
103.94
102.02
100.17
99.26
99.48
100.84
102.46
104.05
105.6
107.5
109.44
111.4
113.29
115.11
116.52
116.96
117.11
117.32
117.68
117.71
117.65
117.35
117.36
117.37
117.27
117.17
117.18
116.82
116.23
115.28
114.62
114.1
113.33
112.65
112.75
112.83
113.05
113.59
114.27
115.29
116.07
116.93
117.8
118.65
118.76
118.92
118.7
118.47
118.18
117.1
116.78
116.54
115.2
113.91
111.98
111.52
111.44
111.39
111.45
112.25
112.28
112.2
113.16
113.47
114.25
113.0
113.09
112.9
111.13
109.41
107.93
108.1
108.48
109.46
110.61
112.38
112.59
113.08
115.08
117.08
118.85
119.0
119.0
119.0
119.0
119.0
118.83
118.6
118.15
118.06
116.07
115.52
114.92
114.36
113.6
113.22
112.91
112.52
112.81
112.57
114.3
114.38
114.77
115.03
115.57
115.78
115.88
116.33
116.32
116.4
116.45
116.72
116.7
116.7
116.76
116.32
116.59
116.64
116.02
116.04
116.18
116.11
115.69
115.85
115.93
116.34
116.27
116.27
116.99
116.79
116.65
116.7
117.05
117.08
116.92
116.96
116.9
116.19
116.11
116.13
116.21
116.36
116.53
116.55
116.16
116.19
116.15
116.82
116.85
116.81
116.81
116.0
116.05
116.02
116.49
116.46
115.99
115.98
115.87
116.2
115.85
116.21
116.14
115.65
115.63
115.68
116.19
116.21
115.54
115.53
